-0.819148936170213, 
-0.803191489361702, 
-0.98936170212766, 
-0.627659574468085, 
-0.377659574468085, 
-0.212765957446809, 
-0.132978723404255, 
-0.159574468085106, 
-0.175531914893617, 
0.0319148936170213, 
-0.0638297872340426, 
-0.0904255319148936, 
0.0372340425531915, 
-0.191489361702128, 
0.154255319148936, 
0.138297872340426, 
0.276595744680851, 
0.218085106382979, 
0.324468085106383, 
0.398936170212766, 
0.393617021276596, 
0.484042553191489, 
0.393617021276596, 
0.372340425531915, 
0.515957446808511, 
0.558510638297872, 
0.707446808510638, 
0.601063829787234, 
0.606382978723404, 
0.691489361702128, 
0.74468085106383, 
1;