2022, 0.961538461538462 ;
2021, 0.730769230769231 ;
2020, 1 ;
2019, 0.942307692307692 ;
2018, 0.730769230769231 ;
2017, 0.692307692307692 ;
2016, 0.288461538461538 ;
2015, 0.384615384615385 ;
2014, 0.0961538461538462 ;
2013, -0.0192307692307692 ;
2012, -0.0384615384615385 ;
2011, -0.0576923076923077 ;
2010, -0.269230769230769 ;
2009, -0.25 ;
2008, -0.211538461538462 ;
2007, -0.230769230769231 ;
2006, -0.403846153846154 ;
2005, -0.480769230769231 ;
2004, -0.5 ;
2003, -0.634615384615385 ;
2002, -0.711538461538462 ;
2001, -0.807692307692308 ;
2000, -0.826923076923077 ;
1999, -0.903846153846154 ;
1998, -0.923076923076923 ;
1997, -0.942307692307692 ;
1996, -0.961538461538462 ;
1995, -0.980769230769231 ;
1994, -0.980769230769231 ;
1993, -0.980769230769231 ;
1992, -0.980769230769231 ;
1991, -0.980769230769231 ;
